        Rank        RMSE       MaxAE  Feature_ID
           1    0.008646    0.015835  (       1       5       7)
           2    0.012324    0.029234  (       1       6      11)
           3    0.012847    0.020825  (       1       6       7)
           4    0.014594    0.030700  (       1       6      12)
           5    0.014799    0.025767  (       1       6      13)
           6    0.015818    0.030281  (       1       6      14)
           7    0.016242    0.033952  (       1       6      15)
           8    0.016575    0.030494  (       1       7      12)
           9    0.017621    0.038567  (       1       3       8)
          10    0.017692    0.031969  (       1       4       6)
          11    0.017867    0.038611  (       1       6       8)
          12    0.018304    0.026905  (       1       4       7)
          13    0.018541    0.035903  (       1       3      10)
          14    0.019068    0.031714  (       1       2       6)
          15    0.019192    0.033441  (       1       7      14)
          16    0.019237    0.034698  (       1       7      11)
          17    0.019889    0.033061  (       1       6       9)
          18    0.019971    0.039596  (       1       5       9)
          19    0.020038    0.036887  (       1       3       6)
          20    0.020241    0.040393  (       1       6      10)
          21    0.020587    0.040787  (       1       7      13)
          22    0.020661    0.038991  (       1       5       6)
          23    0.021581    0.039947  (       1       7      15)
          24    0.022290    0.043971  (       1       2       7)
          25    0.023451    0.050680  (       1       5       8)
          26    0.024071    0.043673  (       1       7       8)
          27    0.025302    0.049152  (       1       7      10)
          28    0.025817    0.044365  (       1       3       7)
          29    0.025892    0.052385  (       1       5      10)
          30    0.026001    0.047155  (       1       7       9)
          31    0.026293    0.062078  (       1       4       5)
          32    0.027624    0.049026  (       1       8       9)
          33    0.028547    0.042881  (       1       8      14)
          34    0.029414    0.052779  (       1       2       8)
          35    0.029417    0.044575  (       1       8      15)
          36    0.031018    0.051001  (       1       4       8)
          37    0.031201    0.048377  (       1       8      13)
          38    0.031372    0.050361  (       1       8      11)
          39    0.031385    0.048397  (       1       8      10)
          40    0.031408    0.049400  (       1       8      12)
          41    0.032753    0.054827  (       1       3       9)
          42    0.032969    0.063151  (       1       2      10)
          43    0.034906    0.065258  (       1       9      10)
          44    0.035072    0.067859  (       1       9      15)
          45    0.035245    0.067090  (       1       9      13)
          46    0.035350    0.061785  (       1       9      12)
          47    0.035638    0.067736  (       1       4       9)
          48    0.035700    0.065718  (       1       2       9)
          49    0.035723    0.067316  (       1       9      14)
          50    0.035791    0.071710  (       1       4      10)
          51    0.035798    0.065268  (       1       9      11)
          52    0.036592    0.076296  (       1       4      12)
          53    0.036885    0.067470  (       1      10      13)
          54    0.037895    0.071234  (       1      10      11)
          55    0.038367    0.067553  (       1      10      15)
          56    0.038511    0.070577  (       1      10      12)
          57    0.039155    0.067337  (       1      10      14)
          58    0.040774    0.086805  (       1       4      11)
          59    0.041134    0.064927  (       2       3       5)
          60    0.042099    0.077415  (       3       4       5)
          61    0.044555    0.073520  (       1       4      14)
          62    0.046747    0.089546  (       1       4      13)
          63    0.048809    0.087508  (       1       4      15)
          64    0.050368    0.109886  (       2      11      12)
          65    0.050492    0.126344  (       4       5       7)
          66    0.051535    0.112027  (       4       5       6)
          67    0.052245    0.104570  (       1       2       4)
          68    0.054318    0.111154  (       1       2      12)
          69    0.055767    0.096199  (       1       3       4)
          70    0.057117    0.117383  (       3       5      12)
          71    0.057632    0.111237  (       1       2       5)
          72    0.059564    0.109046  (       2       3      12)
          73    0.061390    0.095784  (       5       6       9)
          74    0.061741    0.167335  (       4       5       8)
          75    0.061800    0.101973  (       4       8      12)
          76    0.061872    0.116584  (       1       2      11)
          77    0.064612    0.109356  (       4       9      12)
          78    0.064940    0.122996  (       4      10      12)
          79    0.066028    0.122992  (       4       7      12)
          80    0.066385    0.131325  (       3       5      11)
          81    0.066544    0.113670  (       4       6      12)
          82    0.068101    0.143669  (       4       9      14)
          83    0.068523    0.119084  (       3       4      14)
          84    0.068795    0.145232  (       4       5       9)
          85    0.069853    0.135122  (       2       3      14)
          86    0.070602    0.139848  (       2       3      13)
          87    0.071178    0.122138  (       4       9      13)
          88    0.071439    0.134198  (       2       3      11)
          89    0.072131    0.121612  (       2       3       6)
          90    0.072639    0.139592  (       1       5      14)
          91    0.072710    0.114024  (       5      14      15)
          92    0.073311    0.141506  (       2       3      15)
          93    0.073426    0.142051  (       3       5      13)
          94    0.073438    0.137414  (       4       7      14)
          95    0.074675    0.142033  (       4       9      11)
          96    0.074870    0.121537  (       3       4      15)
          97    0.074905    0.179365  (       2       6      12)
          98    0.075535    0.138940  (       1       2       3)
          99    0.075600    0.136429  (       1       2      13)
         100    0.075651    0.134400  (       4       9      15)
