        Rank        RMSE       MaxAE  Feature_ID
           1    0.021175    0.045052  (       1       6)
           2    0.026011    0.046680  (       1       7)
           3    0.031416    0.048764  (       1       8)
           4    0.035813    0.065896  (       1       9)
           5    0.039343    0.065187  (       1      10)
           6    0.055828    0.094339  (       1       4)
           7    0.080080    0.150626  (       2       3)
           8    0.081748    0.115853  (       1       2)
           9    0.088121    0.144159  (       3       4)
          10    0.100537    0.210776  (       1       5)
          11    0.103988    0.158558  (       4       7)
          12    0.109323    0.252421  (       3       5)
          13    0.111814    0.264421  (       2       5)
          14    0.121904    0.219592  (       4       8)
          15    0.121957    0.204142  (       4       9)
          16    0.123584    0.190884  (       4       5)
          17    0.129615    0.185356  (       3       7)
          18    0.132849    0.195745  (       3       6)
          19    0.136320    0.207144  (       3       9)
          20    0.137204    0.267620  (       4      10)
          21    0.137441    0.280598  (       1       3)
          22    0.138607    0.222382  (       4       6)
          23    0.141534    0.323026  (       2       7)
          24    0.148785    0.234621  (       3       8)
          25    0.150543    0.347774  (       2       9)
          26    0.151345    0.244814  (       3      10)
          27    0.152459    0.359824  (       2       8)
          28    0.153309    0.338053  (       2       6)
          29    0.158847    0.380848  (       2      10)
          30    0.164149    0.379798  (       2       4)
          31    0.199491    0.341177  (       5       6)
          32    0.207301    0.370795  (       5       8)
          33    0.208250    0.375461  (       5       7)
          34    0.208474    0.380213  (       5       9)
          35    0.208606    0.380154  (       5      10)
          36    0.462994    1.069833  (       8      10)
          37    0.464717    1.154037  (       7       9)
          38    0.543088    1.005047  (       6       9)
          39    0.566334    1.156513  (       8       9)
          40    0.587834    0.991544  (       6      10)
          41    0.598888    1.167826  (       7      10)
          42    0.812769    1.389380  (       9      10)
          43    0.867314    1.605811  (       6       7)
          44    0.871504    1.651476  (       7       8)
          45    0.874805    1.641948  (       6       8)
