Model_ID, [(c_i,i=0,n)_j,j=1,ntask]
           1    0.6135000008E+00    0.1326243282E+01    0.1984883858E+00   -0.1077885067E+01
           2    0.3699474112E+00    0.1474592307E+01    0.3471217517E+00    0.9786823987E-02
           3    0.4507400974E+00    0.1483127154E+01    0.2005763566E+00   -0.5336597376E+00
           4    0.3106869748E+00    0.1492117461E+01    0.3435400653E+00    0.2781940971E-01
           5    0.3473903659E+00    0.1480419009E+01    0.3267175192E+00    0.8566203848E-02
           6    0.3399960024E+00    0.1490275053E+01    0.3299086052E+00    0.9871298378E-03
           7    0.3422487145E+00    0.1486935420E+01    0.3270771492E+00    0.4341830134E-02
           8    0.6430932133E+00    0.1470624728E+01   -0.1269708003E+01   -0.3764163917E-01
           9   -0.2649578309E+00    0.1794423200E+01   -0.4321141072E+00    0.7658476444E+00
          10    0.7560936427E+00    0.1372501069E+01   -0.3994355185E+00    0.2877067047E+00
          11    0.2029882077E+00    0.1485683205E+01    0.2414323449E+00    0.2318143341E+00
          12   -0.4602167279E+00    0.1800586586E+01    0.1142887631E+01   -0.1845554418E+01
          13    0.4659227275E+00    0.1833141554E+01   -0.5849039996E+00   -0.2214185372E+00
          14    0.3744261524E+00    0.1403455473E+01    0.1761659229E+00    0.3154947488E+00
          15    0.6154429538E+00    0.1472272995E+01   -0.1330109323E+01   -0.1393914703E-02
          16    0.5639892017E+00    0.1490349176E+01   -0.1249031781E+01   -0.1007448302E-01
          17    0.4020326742E+00    0.1471597018E+01    0.2782734764E+00   -0.8267699617E-01
          18    0.6317375072E+00    0.1239556183E+01    0.2357317762E+00   -0.3538650008E+00
          19    0.3256271705E+00    0.1567907801E+01   -0.1119552453E+00    0.3443836874E+00
          20    0.3963463469E+00    0.1475453251E+01    0.2921381899E+00   -0.3354055020E-01
          21    0.6032760219E+00    0.1484750061E+01   -0.1329661215E+01   -0.1031226630E-01
          22    0.3409315763E+00    0.1521667630E+01   -0.4505083722E-01    0.3556225809E+00
          23    0.6086027008E+00    0.1476839772E+01   -0.1322701396E+01   -0.5288472474E-02
          24    0.5772263266E+00    0.1631895542E+01   -0.3292535025E+00   -0.1432858923E+01
          25   -0.2019329564E-01    0.1349299349E+01    0.1733843808E+00    0.6585684998E+00
          26    0.3417149363E+00    0.1478703557E+01   -0.8270459222E+00    0.2465786892E+00
          27    0.5824403419E+00    0.1466314668E+01   -0.1023454364E+01   -0.3567289475E-01
          28    0.5607955199E+00    0.1514442594E+01   -0.5179679563E-01   -0.1221301014E+01
          29    0.6508555543E+00    0.1243466786E+01    0.2357825827E+00   -0.1791261424E+00
          30    0.5751883709E+00    0.1475129039E+01   -0.1187602122E+01   -0.1153240783E-01
          31    0.2161103694E+01    0.7252240270E+00   -0.1680345088E+01    0.3628052809E+00
          32    0.1509423885E+00    0.1452685312E+01    0.4532974355E+00   -0.1659316523E+00
          33   -0.1450360636E+00    0.1478379788E+01    0.7863308191E+00   -0.1023725016E-02
          34   -0.5837055014E-01    0.1381427907E+01    0.2123200607E+00    0.6647707786E+00
          35   -0.1477840289E+00    0.1481734041E+01    0.7846472927E+00   -0.3961695525E-02
          36    0.1237112219E+00    0.1422079435E+01   -0.2089408485E+00    0.6724205588E+00
          37   -0.1360924641E+00    0.1483339832E+01    0.7520626233E+00   -0.2250508623E-02
          38   -0.1280526650E+00    0.1480375977E+01    0.7388346620E+00    0.9427279519E-03
          39   -0.8895874871E-01    0.1477815000E+01    0.6988223031E+00   -0.1171308589E-01
          40   -0.1314058008E+00    0.1481821719E+01    0.7387302560E+00    0.1252303739E-02
          41    0.5243848110E+00    0.1580698125E+01   -0.2378207571E+00   -0.4132407605E+00
          42    0.6053062413E+00    0.1245817814E+01    0.3813699366E+00   -0.1716740195E+00
          43    0.5949752201E+00    0.1410416571E+01   -0.2852879743E+00   -0.6440190553E-01
          44    0.5719182115E+00    0.1411739250E+01   -0.3962323210E+00    0.2392369374E-02
          45    0.5768223969E+00    0.1408527170E+01   -0.3981589383E+00    0.3738129751E-02
          46    0.6048204790E+00    0.1407162166E+01   -0.4116420711E+00   -0.1054246687E-01
          47    0.7326059005E+00    0.1368403316E+01   -0.1622679428E+00   -0.3794524782E+00
          48    0.5857289856E+00    0.1383108160E+01    0.6052620997E-01   -0.3962102257E+00
          49    0.5812019370E+00    0.1410804354E+01   -0.4048145871E+00    0.1857163559E-03
          50    0.1143768588E+01    0.1260959727E+01   -0.5977867301E+00   -0.1545060461E+00
          51    0.5855450330E+00    0.1410224862E+01   -0.4089318622E+00   -0.5882249449E-03
          52    0.2827646761E+01    0.8029434576E+00   -0.2327794188E+01   -0.8461852639E-01
          53    0.5889460485E+00    0.1411405055E+01   -0.1972822725E+00    0.7835629476E-02
          54    0.6184136237E+00    0.1406047637E+01   -0.2080272286E+00    0.5995136042E-02
          55    0.5909723701E+00    0.1416432524E+01   -0.1999319899E+00    0.2862560492E-02
          56    0.5844860501E+00    0.1416789370E+01   -0.2067548183E+00    0.1461875809E-01
          57    0.6009538952E+00    0.1415828610E+01   -0.2044954395E+00    0.2802631648E-03
          58    0.2555886437E+01    0.8763707132E+00   -0.2226045471E+01   -0.2294606934E-01
          59    0.8473989633E+00    0.1214091238E+01    0.7510193782E+00    0.4761630441E+00
          60    0.2494916399E+01    0.8089460051E+00   -0.1738345442E+01    0.5195068774E+00
          61    0.2931265128E+01    0.7528542690E+00   -0.2518044741E+01   -0.3032837922E-02
          62    0.2896818371E+01    0.7824890725E+00   -0.2509565793E+01   -0.2264282603E-01
          63    0.2854604473E+01    0.7807499739E+00   -0.2454123199E+01   -0.1119739721E-01
          64    0.1853207877E+01    0.2506207271E+01    0.1404695067E+00   -0.6305914090E+00
          65    0.3976325380E+01   -0.3621121482E+01    0.5882676821E+00    0.1183791913E+01
          66    0.3736961600E+01   -0.3112265215E+01    0.7655313580E+00   -0.2965098430E+00
          67    0.3134917019E+01    0.9908816363E+00   -0.6777740867E+00   -0.2838930604E+01
          68    0.7822828011E+00    0.5622226877E+00    0.1890837956E+01   -0.1370984821E+00
          69    0.2387215368E+01    0.8761856674E+00    0.4235009313E-01   -0.2009202749E+01
          70    0.6872203305E+00    0.1071454992E+01    0.9622570623E+00    0.1741733151E+00
          71    0.6157065830E+00    0.6474085070E+00    0.1076115224E+01    0.4223802996E+00
          72    0.9645814894E+00    0.2108655375E+01    0.6341599349E+00   -0.1273942161E+00
          73    0.1839932263E+01    0.1499805835E+01   -0.1437349084E+01   -0.1746903921E+01
          74    0.4430630465E+01   -0.3403722336E+01    0.6585801124E+00   -0.6567002507E+00
          75    0.6280684749E+01   -0.5061345584E+01   -0.8145188172E+00   -0.1887943851E+00
          76    0.4922432227E+00    0.7179150595E+00    0.1705590492E+01   -0.3454039559E-01
          77    0.5769304369E+01   -0.5371780350E+01    0.5067748934E+00   -0.1861550325E+00
          78    0.5749938139E+01   -0.5326740772E+01    0.2520589556E+00   -0.2151916036E+00
          79    0.5476921523E+01   -0.5101901025E+01    0.1376473078E+01   -0.1492710599E+00
          80    0.1003788789E+01    0.9926872597E+00    0.9137992152E+00    0.4807685550E-01
          81    0.5752013795E+01   -0.5022852700E+01   -0.3601515064E+00   -0.2164495320E+00
          82    0.5607766872E+01   -0.5335850268E+01    0.3990153879E+00   -0.7196903520E-02
          83    0.3754833522E+01    0.7990934875E+00   -0.3087706870E+01   -0.4681127447E-02
          84    0.4057325466E+01   -0.3688731122E+01    0.6414870628E+00    0.4012688588E+00
          85    0.8258016131E+00    0.1929584417E+01    0.7688412572E+00   -0.3079971849E-02
          86    0.8060275027E+00    0.2105105417E+01    0.6987292137E+00   -0.2969834604E-01
          87    0.5795916075E+01   -0.5597093488E+01    0.4303234622E+00   -0.5943173887E-01
          88    0.7577976506E+00    0.1940548602E+01    0.8168019884E+00   -0.2494459346E-01
          89    0.8223899842E+00    0.1402883022E+01    0.1123689481E+01    0.1105961345E+00
          90    0.5170167801E+00    0.9760215378E+00    0.6742572939E+00    0.4560644481E-02
          91    0.8596645295E+00    0.2395725926E+01    0.1097368244E+00   -0.4630281063E+00
          92    0.8190706192E+00    0.1919139076E+01    0.7886384114E+00   -0.1176236683E-01
          93    0.9031328396E+00    0.1153091495E+01    0.7956575419E+00    0.4206324587E-01
          94    0.5390831515E+01   -0.5116841897E+01    0.1124383386E+01   -0.5798034435E-02
          95    0.5766097555E+01   -0.5812295926E+01    0.6188507102E+00   -0.5795152133E-01
          96    0.3720080571E+01    0.8296033541E+00   -0.3059833358E+01   -0.1831395316E-01
          97    0.1075221233E+01    0.3024750131E+01   -0.1402539214E+00   -0.2380189039E+00
          98    0.6649650419E+00    0.4028605464E+00    0.1459434536E+01    0.5321768875E+00
          99    0.5871058975E+00    0.6267653143E+00    0.1842034408E+01   -0.2643690875E-01
         100    0.5671165937E+01   -0.5416054404E+01    0.4027016986E+00   -0.3111335804E-01
