Model_ID, [(c_i,i=0,n)_j,j=1,ntask]
           1    0.3558654545E+00    0.1486982940E+01    0.3436547435E+00
           2    0.5746845060E+00    0.1477020786E+01   -0.1220868200E+01
           3   -0.1296752796E+00    0.1481601051E+01    0.7391597196E+00
           4    0.5863294038E+00    0.1409489001E+01   -0.4087528241E+00
           5    0.6090068905E+00    0.1413911226E+01   -0.2074984267E+00
           6    0.2374594049E+01    0.9071186314E+00   -0.2007973724E+01
           7    0.8036085999E+00    0.1668037617E+01    0.9492663292E+00
           8    0.5117521981E+00    0.8391132472E+00    0.1347504701E+01
           9    0.3091054233E+01    0.1078784081E+01   -0.2415219413E+01
          10    0.5860828953E+00    0.9840336474E+00    0.6374429297E+00
          11    0.5271198242E+01   -0.5158457900E+01    0.1604153253E+01
          12    0.9696324257E+00    0.1114413964E+01    0.8630905516E+00
          13    0.8497444106E+00    0.1833080634E+01    0.7639932198E+00
          14    0.6107999409E+01   -0.5102779848E+01   -0.8982705344E+00
          15    0.5548909528E+01   -0.5448853575E+01    0.5627929708E+00
          16    0.3333793851E+01   -0.2608953636E+01    0.9098845986E+00
          17    0.1158198809E+01    0.2002342199E+01   -0.1194102633E+01
          18    0.9498753586E+00    0.2013449730E+01    0.3256227729E+00
          19    0.1140760950E+01    0.1911656162E+01   -0.3864299161E+00
          20    0.5478789855E+01   -0.5364010720E+01    0.2598423933E+00
          21    0.3881598579E+00    0.1476346836E+01   -0.1852011621E-01
          22    0.5478908939E+01   -0.5050192851E+01   -0.3698760809E+00
          23    0.6033664621E+00    0.3067469861E+01    0.7654053472E+00
          24    0.5575359168E+00    0.1998535217E+01    0.6063711082E+00
          25    0.6341898607E+00    0.3127260673E+01    0.2200989044E+00
          26    0.1142134670E+01    0.1921500394E+01   -0.1689923030E+00
          27    0.9739094706E+00    0.3042082669E+01   -0.3391325958E+00
          28    0.7509970158E+00    0.3036277868E+01   -0.1490700634E+00
          29    0.6784762434E+00    0.3076848278E+01    0.7015338016E-01
          30    0.9322669454E+00    0.2905105483E+01   -0.1754167487E+00
          31    0.1082157330E+01    0.1834868711E+01   -0.1553588897E+00
          32    0.1180992588E+01    0.1823807256E+01   -0.1327542422E+00
          33    0.1073745928E+01    0.1821841778E+01    0.1222607520E+00
          34    0.1112289733E+01    0.1810506350E+01   -0.3032166407E-01
          35    0.1107536534E+01    0.1813883187E+01   -0.9453181279E-02
          36    0.1209261228E+02   -0.1075682740E+02   -0.3305926615E+01
          37    0.1495616985E+01    0.1757060111E+02   -0.6466816138E+01
          38    0.4005893348E+01   -0.3621656597E+01   -0.4901022627E+01
          39    0.9248476522E+01   -0.7848710670E+01   -0.4886567470E+01
          40    0.4284960167E+01   -0.3402934106E+01   -0.2371118141E+01
          41    0.2208268934E+01    0.1340421398E+02   -0.2601210888E+01
          42    0.2921272052E+01   -0.1699982796E+01    0.3708002427E+00
          43    0.3419121004E+01   -0.1013603586E+01   -0.4216029998E+01
          44    0.4658087629E+01   -0.3845078509E+01   -0.1945739815E+01
          45    0.1760331669E+01   -0.5185515247E+00    0.1432772199E+01
